RESULT:
4.31608+5.99746*j

EXPRESSION: 
exp(-j*PI*alpha*len/v0)*e^t

VARIABLES:
S11 = -0.01-0.92*j
S22 = 0.0001+0.997*j
alpha = 24.5432+3.04266e-19*j
s1 = 1
s2 = 0.00010124-2.47968e-20*j
len = 191.76
v0 = 299.799
t = 2
