S11 = -0.010000 -0.920000
S22 = 0.000100 0.997000
alpha = 24.543241 0.000000
s1 = 1.000000 0.000000
s2 = 0.000101 -0.000000
len = 191.760000 0.000000
v0 = 299.799000 0.000000

exp(-j*PI*alpha*len/v0) = 0.584106 0.811678
