alpha = -0.021718
s1 = 0.953499
a = -0.000000
s2 = -0.975217
len = 13.847743
v0 = 299.799000
k = -0.021718

1+exp(PI^2*alpha*len/v0)+v0+a = 301.789158 0.000000
