alpha = -0.021718
s1 = 0.953499
s2 = -0.975217
len = 13.847743
v0 = 299.799000

1+exp(PI*alpha*len/v0)+v0 = 301.795855 0.000000
